3 113
140 179
226 266
267 314
341 380
381 429
430 472
495 595
633 672
673 713
760 1013 # animation
1037 1110
1119 1150
1151 1190
1191 1299
1300 1450
1451 1510
1511 1551
1552 1591
1606 1650
1651 1707
1708 1890
1891 1990
1991 2014
2015 2036
2037 2047
2048 2077
2086 2130
2131 2189
2190 2219
2220 2272
2273 2304
2305 2344
2345 2378
2379 2402
2403 2426
2427 2452
2453 2524
2525 2561
2562 2579
2580 2618
2619 2642
2643 2680
2681 2753
2754 2787
2788 2820
2821 2846
2847 2871
2872 2894
2895 2911
2912 2937
2938 2981
2982 3053
3062 3321
3369 3443
3444 3498
3512 3562
3563 4064
